1.800000000000000000e+01 2.004600000000000000e+04 1.644600000000000000e+04
1.900000000000000000e+01 1.710000000000000000e+04 1.679100000000000000e+04
2.000000000000000000e+01 2.000000000000000000e+04 1.894200000000000000e+04
2.100000000000000000e+01 2.474400000000000000e+04 2.178000000000000000e+04
2.200000000000000000e+01 3.050000000000000000e+04 2.570400000000000000e+04
2.300000000000000000e+01 3.773200000000000000e+04 2.900000000000000000e+04
2.400000000000000000e+01 4.124700000000000000e+04 3.437200000000000000e+04
2.500000000000000000e+01 4.537200000000000000e+04 3.781000000000000000e+04
3.000000000000000000e+01 6.599800000000000000e+04 5.637300000000000000e+04
3.100000000000000000e+01 7.000300000000000000e+04 6.237500000000000000e+04
3.200000000000000000e+01 7.000000000000000000e+04 6.667400000000000000e+04
3.300000000000000000e+01 7.149600000000000000e+04 6.874500000000000000e+04
3.400000000000000000e+01 7.537000000000000000e+04 6.874600000000000000e+04
3.500000000000000000e+01 8.364000000000000000e+04 7.458300000000000000e+04
